training
1,0.0178364297132
2,0.010682423562
3,0.00890667148627
4,0.00822317549844
5,0.00777870062268
6,0.00739954727069
7,0.00704927679552
8,0.00671965975169
9,0.00640830603368
10,0.00611403631405
11,0.00583592770892
12,0.00557312235003
13,0.00532479297692
14,0.00509013964686
15,0.00486839172217
16,0.00465881005022
17,0.00446068848484
18,0.00427335472186
19,0.00409617055799
20,0.00392853168762
21,0.00376986713763
22,0.00361963842409
23,0.00347733850122
24,0.00334249056062
25,0.00321464672884
26,0.00309338670234
27,0.00297831635116
28,0.00286906631655
29,0.00276529062191
30,0.0026666653121
31,0.00257288713253
32,0.00248367225597
33,0.00239875506278
34,0.00231788697835
35,0.00224083536941
36,0.00216738250018
37,0.00209732454807
38,0.00203047067771
39,0.00196664217193
40,0.00190567161763
41,0.00184740214413
42,0.00179168671175
43,0.0017383874479
44,0.00168737502805
45,0.00163852809913
46,0.0015917327426
47,0.00154688197487
48,0.00150387528253
49,0.00146261819013
50,0.00142302185834
51,0.00138500271035
52,0.0013484820846
53,0.00131338591191
54,0.00127964441539
55,0.00124719183139
56,0.00121596615002
57,0.00118590887387
58,0.00115696479348
59,0.00112908177855
60,0.00110221058347
61,0.00107630466645
62,0.0010513200209
63,0.00102721501854
64,0.001003950263
65,0.000981488453572
66,0.000959794257934
67,0.000938834193574
68,0.000918576517057
69,0.000898991120657
70,0.000880049435815
71,0.000861724342936
72,0.000843990087064
73,0.000826822199033
74,0.0008101974217
75,0.0007940936409
76,0.000778489820806
77,0.000763365943373
78,0.000748702951596
79,0.000734482696305
80,0.000720687886278
81,0.000707302041417
82,0.000694309448804
83,0.00068169512143
84,0.000669444759421
85,0.000657544713601
86,0.000645981951219
87,0.000634744023723
88,0.000623819036428
89,0.000613195619957
90,0.000602862903352
91,0.000592810488735
92,0.000583028427422
93,0.000573507197403
94,0.0005642376821
95,0.00055521115032
96,0.000546419237324
97,0.000537853926961
98,0.000529507534776
99,0.000521372692053
100,0.000513442330725
101,0.000505709669101
102,0.000498168198365
103,0.000490811669791
104,0.000483634082644
105,0.000476629672716
106,0.000469792901462
107,0.000463118445709
108,0.00045660118789
109,0.00045023620679
110,0.000444018768755
111,0.000437944319356
112,0.000432008475476
113,0.000426207017783
114,0.000420535883591
115,0.000414991160069
116,0.000409569077788
117,0.000404266004579
118,0.000399078439698
119,0.000394003008264
120,0.000389036455977
121,0.000384175644076
122,0.000379417544545
123,0.000374759235542
124,0.00037019789705
125,0.000365730806715
126,0.000361355335897
127,0.000357068945891
128,0.000352869184325
129,0.000348753681719
130,0.000344720148212
131,0.000340766370418
132,0.00033689020844
133,0.00033308959301
134,0.000329362522755
135,0.000325707061584
136,0.000322121336195
137,0.000318603533684
138,0.000315151899261
139,0.000311764734062
140,0.000308440393063
141,0.000305177283071
142,0.00030197386081
143,0.000298828631082
144,0.00029574014501
145,0.000292706998352
146,0.000289727829881
147,0.000286801319842
148,0.000283926188463
149,0.00028110119453
150,0.000278325134023
151,0.000275596838804
152,0.000272915175357
153,0.000270279043583
154,0.000267687375636
155,0.000265139134815
156,0.000262633314488
157,0.000260168937071
158,0.000257745053032
159,0.000255360739951
160,0.000253015101601
161,0.000250707267073
162,0.000248436389932
163,0.000246201647406
164,0.000244002239603
165,0.000241837388765
166,0.000239706338539
167,0.000237608353284
168,0.0002355427174
169,0.000233508734683
170,0.000231505727704
171,0.000229533037211
172,0.000227590021548
173,0.000225676056106
174,0.00022379053278
175,0.000221932859459
176,0.000220102459522
177,0.000218298771363
178,0.000216521247924
179,0.000214769356253
180,0.000213042577067
181,0.000211340404339
182,0.000209662344898
183,0.00020800791804
184,0.000206376655153
185,0.000204768099358
186,0.000203181805158
187,0.000201617338103
188,0.000200074274461
189,0.00019855220091
190,0.000197050714227
191,0.000195569420999
192,0.000194107937337
193,0.000192665888601
194,0.000191242909139
195,0.000189838642023
196,0.000188452738808
197,0.000187084859287
198,0.000185734671261
199,0.000184401850313
200,0.000183086079592
201,0.000181787049601
202,0.000180504457995
203,0.00017923800938
204,0.000177987415128
205,0.000176752393186
206,0.000175532667899
207,0.000174327969838
208,0.000173138035632
209,0.0001719626078
210,0.000170801434601
211,0.000169654269872
212,0.00016852087289
213,0.00016740100822
214,0.000166294445577
215,0.000165200959696
216,0.000164120330193
217,0.000163052341446
218,0.000161996782466
219,0.000160953446779
220,0.000159922132312
221,0.000158902641276
222,0.000157894780061
223,0.000156898359127
224,0.000155913192905
225,0.000154939099691
226,0.000153975901555
227,0.000153023424242
228,0.000152081497084
229,0.000151149952909
230,0.000150228627956
231,0.000149317361789
232,0.00014841599722
233,0.000147524380224
234,0.000146642359866
235,0.000145769788226
236,0.000144906520323
237,0.00014405241405
238,0.0001432073301
239,0.000142371131902
240,0.000141543685556
241,0.000140724859768
242,0.000139914525792
243,0.000139112557366
244,0.000138318830657
245,0.000137533224204
246,0.00013675561886
247,0.000135985897745
248,0.000135223946187
249,0.000134469651674
250,0.000133722903808
251,0.000132983594249
252,0.000132251616676
253,0.000131526866739
254,0.000130809242012
255,0.000130098641954
256,0.000129394967863
257,0.000128698122837
258,0.000128008011737
259,0.000127324541142
260,0.000126647619315
261,0.000125977156166
262,0.000125313063214
263,0.000124655253555
264,0.000124003641826
265,0.000123358144172
266,0.000122718678211
267,0.000122085163008
268,0.00012145751904
269,0.000120835668166
270,0.000120219533599
271,0.000119609039878
272,0.000119004112837
273,0.000118404679582
274,0.000117810668461
275,0.000117222009039
276,0.000116638632075
277,0.000116060469493
278,0.000115487454362
279,0.000114919520871
280,0.000114356604306
281,0.000113798641026
282,0.000113245568445
283,0.000112697325006
284,0.000112153850166
285,0.000111615084371
286,0.000111080969035
287,0.000110551446526
288,0.000110026460144
289,0.000109505954103
290,0.000108989873511
291,0.000108478164355
292,0.000107970773483
293,0.000107467648588
294,0.000106968738188
295,0.000106473991616
296,0.000105983358997
297,0.00010549679124
298,0.000105014240017
299,0.000104535657753
300,0.000104060997607
301,0.000103590213462
302,0.00010312325991
303,0.000102660092238
304,0.000102200666416
305,0.000101744939082
306,0.000101292867533
307,0.000100844409708
308,0.000100399524182
309,9.99581701503e-05

reduced sample space,prediction,truth,correct
Bellevuecity,1.0,1,True
Greenvillecity,0.0,0,True
NewBrunswickcity,0.0,0,True
Wilmingtoncity,0.0,0,True
Patersoncity,0.0,0,True
OklahomaCitycity,0.0,0,True
EastHartfordtown,1.0,1,True
BossierCitycity,1.0,1,True
EastBrunswicktownship,1.0,1,True
Newarkcity,0.0,0,True
Naplescity,1.0,1,True
Racinecity,1.0,1,True
Orlandocity,0.0,0,True
Charlestoncity,0.0,0,True
Lawrencecity,0.0,0,True
Lindencity,1.0,1,True
Tempecity,1.0,1,True
Louisvillecity,0.0,1,False
Pomonacity,0.0,0,True
SantaBarbaracity,1.0,1,True
Charlestoncity,1.0,0,False
FortWaynecity,1.0,1,True
SanDiegocity,0.0,0,True
LittleRockcity,1.0,0,False
Poughkeepsiecity,0.0,0,True
Indianapoliscity,0.0,0,True
SanFranciscocity,0.0,0,True
Hamdentown,1.0,1,True
Waterburytown,1.0,1,True
Walthamcity,1.0,1,True
Ontariocity,1.0,0,False
Accuracy,27,31,0.870967741935

training
1,0.0436606276978
2,0.0189960698795
3,0.0116898937831
4,0.00924760734588
5,0.00824205931395
6,0.00768956776757
7,0.00729173184435
8,0.00695428259336
9,0.00664651031026
10,0.00635804547997
11,0.00608512380477
12,0.00582613680752
13,0.00558017827721
14,0.00534657037246
15,0.00512471175763
16,0.00491403125836
17,0.00471397553326
18,0.004524007229
19,0.00434360597774
20,0.00417226983902
21,0.00400951649862
22,0.00385488407901
23,0.00370793157832
24,0.00356823899447
25,0.00343540719501
26,0.00330905758644
27,0.00318883162876
28,0.00307439023364
29,0.00296541307753
30,0.00286159785596
31,0.00276265950003
32,0.0026683293724
33,0.00257835445652
34,0.00249249655004
35,0.00241053147081
36,0.00233224828216
37,0.00225744854209
38,0.00218594558012
39,0.0021175638039
40,0.00205213803732
41,0.0019895128908
42,0.00192954216387
43,0.00187208827993
44,0.0018170217526
45,0.00176422068271
46,0.001713570285
47,0.00166496244332
48,0.00161829529317
49,0.00157347283009
50,0.00153040454281
51,0.00148900506963
52,0.00144919387688
53,0.00141089495808
54,0.00137403655258
55,0.00133855088257
56,0.00130437390711
57,0.0012714450924
58,0.00123970719692
59,0.00120910607074
60,0.00117959046787
61,0.00115111187093
62,0.00112362432721
63,0.00109708429544
64,0.00107145050246
65,0.00104668380922
66,0.00102274708543
67,0.000999605092201
68,0.000977224372314
69,0.000955573147405
70,0.000934621221736
71,0.000914339892031
72,0.000894701863006
73,0.00087568116818
74,0.000857253095643
75,0.000839394118414
76,0.000822081829113
77,0.000805294878632
78,0.000789012918565
79,0.000773216547124
80,0.000757887258329
81,0.000743007394246
82,0.000728560100077
83,0.000714529281921
84,0.000700899567021
85,0.000687656266348
86,0.000674785339364
87,0.000662273360833
88,0.000650107489541
89,0.000638275438803
90,0.00062676544866
91,0.000615566259636
92,0.000604667087983
93,0.000594057602301
94,0.000583727901461
95,0.000573668493741
96,0.000563870277116
97,0.000554324520615
98,0.000545022846687
99,0.000535957214527
100,0.000527119904281
101,0.000518503502101
102,0.000510100885983
103,0.000501905212359
104,0.000493909903374
105,0.000486108634837
106,0.000478495324787
107,0.000471064122645
108,0.00046380939892
109,0.000456725735437
110,0.000449807916054
111,0.000443050917845
112,0.000436449902722
113,0.00043000020947
114,0.000423697346173
115,0.00041753698301
116,0.000411514945402
117,0.000405627207487
118,0.00039986988591
119,0.000394239233907
120,0.000388731635674
121,0.000383343600992
122,0.000378071760116
123,0.000372912858892
124,0.000367863754103
125,0.000362921409031
126,0.000358082889221
127,0.000353345358438
128,0.000348706074801
129,0.000344162387105
130,0.000339711731292
131,0.000335351627085
132,0.000331079674777
133,0.000326893552149
134,0.000322791011532
135,0.000318769876995
136,0.00031482804165
137,0.000310963465078
138,0.000307174170865
139,0.000303458244237
140,0.000299813829801
141,0.00029623912938
142,0.000292732399934
143,0.000289291951576
144,0.000285916145658
145,0.00028260339295
146,0.000279352151883
147,0.000276160926864
148,0.000273028266667
149,0.00026995276288
150,0.000266933048423
151,0.000263967796112
152,0.000261055717296
153,0.000258195560535
154,0.000255386110339
155,0.000252626185945
156,0.000249914640158
157,0.000247250358217
158,0.000244632256723
159,0.000242059282595
160,0.000239530412074
161,0.000237044649759
162,0.00023460102768
163,0.000232198604413
164,0.000229836464217
165,0.00022751371621
166,0.000225229493577
167,0.000222982952797
168,0.000220773272914
169,0.000218599654819
170,0.000216461320568
171,0.000214357512719
172,0.0002122874937
173,0.00021025054519
174,0.000208245967527
175,0.000206273079142
176,0.000204331216
177,0.000202419731074
178,0.00020053799383
179,0.000198685389731
180,0.000196861319758
181,0.00019506519995
182,0.000193296460957
183,0.000191554547608
184,0.000189838918496
185,0.000188149045575
186,0.000186484413774
187,0.000184844520615
188,0.000183228875858
189,0.000181637001143
190,0.000180068429655
191,0.000178522705792
192,0.000176999384853
193,0.000175498032722
194,0.00017401822558
195,0.00017255954961
196,0.000171121600725
197,0.000169703984293
198,0.000168306314877
199,0.000166928215986
200,0.000165569319829
201,0.000164229267074
202,0.000162907706622
203,0.000161604295388
204,0.000160318698077
205,0.000159050586983
206,0.000157799641783
207,0.000156565549342
208,0.000155348003521
209,0.000154146704998
210,0.000152961361081
211,0.000151791685542
212,0.000150637398446
213,0.000149498225987
214,0.000148373900331
215,0.000147264159463
216,0.000146168747036
217,0.00014508741223
218,0.000144019909608
219,0.00014296599898
220,0.000141925445274
221,0.000140898018406
222,0.000139883493152
223,0.000138881649032
224,0.000137892270189
225,0.000136915145277
226,0.000135950067348
227,0.000134996833745
228,0.000134055245996
229,0.000133125109715
230,0.000132206234501
231,0.00013129843384
232,0.000130401525015
233,0.000129515329012
234,0.000128639670436
235,0.000127774377417
236,0.000126919281534
237,0.000126074217732
238,0.000125239024238
239,0.000124413542489
240,0.000123597617057
241,0.000122791095572
242,0.000121993828656
243,0.000121205669849
244,0.000120426475546
245,0.000119656104929
246,0.000118894419904
247,0.00011814128504
248,0.000117396567506
249,0.000116660137014
250,0.000115931865761
251,0.000115211628375
252,0.000114499301857
253,0.000113794765532
254,0.000113097900994
255,0.000112408592058
256,0.00011172672471
257,0.000111052187058
258,0.000110384869289
259,0.000109724663621
260,0.000109071464256
261,0.000108425167344
262,0.000107785670936
263,0.000107152874941
264,0.000106526681094
265,0.000105906992906
266,0.000105293715638
267,0.000104686756251
268,0.000104086023384
269,0.000103491427304
270,0.000102902879884
271,0.000102320294562
272,0.000101743586311
273,0.000101172671605
274,0.00010060746839
275,0.000100047896052
276,9.94938753896e-05

reduced feature space,prediction,truth,correct
Bellevuecity,1.0,1,True
SouthDaytonacity,1.0,1,True
Bournetown,1.0,1,True
Bellairecity,1.0,1,True
Chicocity,0.0,1,False
Bucyruscity,1.0,1,True
Greenvillecity,0.0,0,True
WestHempfieldtownship,1.0,1,True
Portsmouthcity,0.0,0,True
Exetertown,1.0,1,True
MasonCitycity,1.0,0,False
Lynnwoodcity,1.0,1,True
Pembroketown,1.0,1,True
UniversityCitycity,0.0,0,True
Burkburnettcity,1.0,1,True
NewBrunswickcity,0.0,0,True
NewAlbanycity,1.0,0,False
Lodiborough,1.0,1,True
Rosenbergcity,0.0,0,True
Warrensburgcity,1.0,1,True
Newburghcity,0.0,0,True
Darientown,1.0,1,True
Wilmingtoncity,0.0,0,True
NorthBranfordtown,1.0,1,True
Woodlandcity,1.0,0,False
DesMoinescity,1.0,1,True
ElCerritocity,1.0,0,False
Greenvillecity,0.0,1,False
Moberlycity,1.0,0,False
Marbleheadtown,1.0,1,True
Springfieldcity,1.0,1,True
PomptonLakesborough,1.0,1,True
Hoovercity,1.0,1,True
Irvinecity,1.0,1,True
Clearfieldcity,1.0,1,True
Andrewscity,1.0,1,True
DeLandcity,0.0,0,True
Hanovertownship,1.0,1,True
WestFargocity,1.0,1,True
Graftontown,1.0,1,True
Patersoncity,0.0,0,True
Brunswickcity,0.0,0,True
Sapulpacity,1.0,1,True
OklahomaCitycity,0.0,0,True
EastHartfordtown,1.0,1,True
Andersoncity,0.0,1,False
Gulfportcity,0.0,1,False
Thomasvillecity,0.0,0,True
BossierCitycity,0.0,0,True
EastBrunswicktownship,1.0,1,True
Deptfordtownship,1.0,1,True
Pearlandcity,1.0,1,True
Newarkcity,0.0,0,True
PortNechescity,1.0,1,True
Petersburgcity,0.0,0,True
OceanSpringscity,1.0,1,True
Naplescity,1.0,1,True
Winchestercity,1.0,0,False
GrandForkscity,1.0,1,True
Rockwallcity,1.0,1,True
Parkersburgcity,1.0,1,True
Greenevilletown,1.0,1,True
Morgantowncity,1.0,1,True
CapeGirardeaucity,1.0,1,True
Racinecity,0.0,0,True
Frankfortcity,1.0,0,False
Peoriacity,1.0,1,True
RoanokeRapidscity,1.0,0,False
Watertowncity,1.0,1,True
Raritantownship,1.0,1,True
Orlandocity,0.0,0,True
Vidorcity,1.0,1,True
Berwickborough,1.0,1,True
Appletoncity,1.0,1,True
WestMifflinborough,1.0,1,True
Kingsvillecity,0.0,0,True
Astontownship,1.0,1,True
Charlestoncity,0.0,0,True
Salemcity,1.0,1,True
Clintontown,1.0,1,True
LaHabracity,1.0,0,False
Vacavillecity,1.0,1,True
Lewistoncity,1.0,1,True
Lawrencecity,0.0,0,True
Greenwoodcity,0.0,1,False
Lindencity,1.0,1,True
RoselleParkborough,1.0,1,True
Foxboroughtown,1.0,1,True
Beniciacity,1.0,1,True
CulverCitycity,1.0,0,False
Eveshamtownship,1.0,1,True
Summervilletown,1.0,0,False
Victorvillecity,0.0,0,True
Piquacity,1.0,1,True
Levellandcity,1.0,1,True
Bentonvillecity,1.0,1,True
Tempecity,1.0,1,True
Quincycity,1.0,1,True
Barbertoncity,1.0,0,False
Naugatucktown,1.0,1,True
Springfieldtownship,1.0,1,True
PointPleasantborough,1.0,1,True
Chelmsfordtown,1.0,1,True
Warsawcity,1.0,1,True
SouthJordancity,1.0,1,True
Prattvillecity,1.0,0,False
SandSpringscity,1.0,1,True
Dixoncity,1.0,1,True
Kentcity,1.0,1,True
Bedfordcity,1.0,1,True
Tamaraccity,1.0,1,True
PalisadesParkborough,1.0,1,True
Louisvillecity,0.0,0,True
Bangorcity,1.0,1,True
Keansburgborough,1.0,0,False
Pomonacity,0.0,0,True
WebsterGrovescity,1.0,1,True
Wilmingtoncity,1.0,1,True
Ridgecrestcity,1.0,0,False
Gulfportcity,1.0,0,False
Cinnaminsontownship,1.0,1,True
SouthElMontecity,0.0,0,True
Westminstercity,1.0,1,True
Brownwoodcity,0.0,0,True
Beaconcity,1.0,0,False
SouthHoustoncity,0.0,1,False
SuisunCitycity,0.0,1,False
SantaBarbaracity,0.0,0,True
FountainValleycity,1.0,1,True
ThousandOakscity,1.0,1,True
ElCentrocity,0.0,0,True
Cudahycity,1.0,1,True
MountOlivetownship,1.0,1,True
Grandviewcity,1.0,1,True
Hazelwoodcity,1.0,1,True
Readingtontownship,1.0,1,True
Garfieldcity,1.0,1,True
Warrentownship,1.0,1,True
EastNorritontownship,1.0,1,True
BellefontaineNeighborscity,1.0,1,True
Newtoncity,1.0,1,True
Berkeleytownship,1.0,1,True
Berlincity,1.0,1,True
Alamogordocity,1.0,1,True
Cortlandcity,1.0,1,True
Charlestoncity,0.0,0,True
Tustincity,0.0,1,False
Smyrnatown,1.0,1,True
ApacheJunctioncity,0.0,1,False
Novatocity,1.0,1,True
Lawrencevillecity,1.0,1,True
Westminstercity,0.0,1,False
Ashlandcity,1.0,1,True
Hopewelltownship,1.0,1,True
FortWaynecity,0.0,1,False
Oxfordtown,1.0,1,True
SantaClaritacity,1.0,0,False
Camarillocity,1.0,1,True
Conneautcity,1.0,1,True
SanDiegocity,0.0,0,True
Hazlettownship,1.0,1,True
Concordcity,1.0,0,False
LittleRockcity,0.0,0,True
Jacksonvillecity,1.0,0,False
GooseCreekcity,1.0,1,True
Willistoncity,1.0,1,True
ClevelandHeightscity,1.0,1,True
SantaMariacity,0.0,0,True
Poughkeepsiecity,0.0,0,True
MountVernoncity,0.0,0,True
Indianapoliscity,0.0,0,True
RedwoodCitycity,1.0,0,False
Westfordtown,1.0,1,True
RedBankborough,0.0,1,False
SanFranciscocity,0.0,0,True
Caycecity,1.0,0,False
Decaturcity,1.0,1,True
Redlandscity,1.0,0,False
Englewoodcity,1.0,1,True
Tarborotown,1.0,0,False
Kirklandcity,1.0,1,True
Arlingtontown,1.0,1,True
Maryvillecity,1.0,0,False
Betheltown,1.0,1,True
Rahwaycity,1.0,1,True
Tauntoncity,1.0,0,False
Hamdentown,1.0,1,True
SpringGardentownship,1.0,1,True
ForestParkcity,0.0,0,True
Maumeecity,1.0,1,True
AlexanderCitycity,1.0,1,True
Southingtontown,1.0,1,True
Burrillvilletown,1.0,1,True
Columbuscity,0.0,1,False
TempleTerracecity,1.0,1,True
Seasidecity,0.0,0,True
Waterburytown,0.0,1,False
Walthamcity,1.0,1,True
Ontariocity,0.0,0,True
Accuracy,159,199,0.798994974874

training
1,0.0153438132907
2,0.00989378066724
3,0.00802332985538
4,0.00724245935489
5,0.00680259621784
6,0.00647670394042
7,0.00619494375023
8,0.00593543011024
9,0.00569103493093
10,0.0054591955567
11,0.00523876725001
12,0.00502904974486
13,0.004829487325
14,0.00463957759605
15,0.00445884461915
16,0.0042868316133
17,0.00412309938678
18,0.00396722627344
19,0.00381880832266
20,0.003677459402
21,0.00354281114304
22,0.00341451273724
23,0.00329223060699
24,0.003175647978
25,0.00306446437651
26,0.00295839507097
27,0.00285717047498
28,0.00276053552493
29,0.0026682490438
30,0.00258008310013
31,0.00249582236961
32,0.00241526350522
33,0.00233821452054
34,0.00226449418976
35,0.00219393146706
36,0.00212636492731
37,0.00206164222937
38,0.00199961960275
39,0.00194016135808
40,0.00188313942141
41,0.00182843289203
42,0.0017759276236
43,0.00172551582782
44,0.00167709569997
45,0.00163057106566
46,0.00158585104776
47,0.00154284975282
48,0.00150148597586
49,0.0014616829228
50,0.0014233679496
51,0.00138647231706
52,0.00135093096066
53,0.00131668227441
54,0.00128366790795
55,0.00125183257614
56,0.00122112388042
57,0.00119149214114
58,0.00116289024026
59,0.00113527347381
60,0.00110859941336
61,0.0010828277761
62,0.00105792030289
63,0.00103384064384
64,0.00101055425081
65,0.000988028276622
66,0.000966231480263
67,0.000945134137981
68,0.000924707959692
69,0.000904926010457
70,0.000885762636679
71,0.00086719339672
72,0.000849194995658
73,0.000831745223917
74,0.000814822899525
75,0.00079840781378
76,0.000782480680085
77,0.000767023085781
78,0.000752017446764
79,0.000737446964727
80,0.000723295586859
81,0.000709547967846
82,0.00069618943403
83,0.000683205949599
84,0.000670584084679
85,0.000658310985203
86,0.00064637434447
87,0.000634762376268
88,0.000623463789479
89,0.000612467764074
90,0.000601763928416
91,0.000591342337792
92,0.000581193454095
93,0.000571308126599
94,0.000561677573756
95,0.000552293365957
96,0.000543147409193
97,0.000534231929582
98,0.000525539458694
99,0.000517062819633
100,0.000508795113844
101,0.000500729708583
102,0.000492860225032
103,0.000485180527012
104,0.000477684710264
105,0.000470367092268
106,0.000463222202561
107,0.000456244773539
108,0.000449429731712
109,0.000442772189383
110,0.00043626743673
111,0.000429910934276
112,0.000423698305713
113,0.000417625331077
114,0.000411687940241
115,0.000405882206717
116,0.000400204341749
117,0.000394650688685
118,0.000389217717603
119,0.000383902020195
120,0.000378700304875
121,0.00037360939212
122,0.000368626210017
123,0.000363747790015
124,0.00035897126286
125,0.000354293854726
126,0.000349712883501
127,0.000345225755249
128,0.000340829960824
129,0.000336523072632
130,0.000332302741533
131,0.000328166693875
132,0.000324112728666
133,0.000320138714851
134,0.000316242588717
135,0.000312422351405
136,0.000308676066525
137,0.000305001857871
138,0.000301397907233
139,0.0002978624523
140,0.000294393784647
141,0.000290990247806
142,0.000287650235417
143,0.000284372189451
144,0.00028115459851
145,0.00027799599619
146,0.000274894959511
147,0.000271850107411
148,0.0002688600993
149,0.000265923633668
150,0.000263039446751
151,0.000260206311247
152,0.00025742303508
153,0.000254688460219
154,0.000252001461533
155,0.000249360945697
156,0.000246765850137
157,0.000244215142011
158,0.000241707817241
159,0.000239242899561
160,0.000236819439625
161,0.000234436514126
162,0.000232093224961
163,0.000229788698423
164,0.000227522084422
165,0.000225292555734
166,0.00022309930728
167,0.000220941555428
168,0.000218818537322
169,0.000216729510235
170,0.000214673750943
171,0.000212650555123
172,0.000210659236773
173,0.000208699127651
174,0.000206769576736
175,0.0002048699497
176,0.000202999628411
177,0.000201158010443
178,0.000199344508604
179,0.000197558550489
180,0.000195799578034
181,0.000194067047099
182,0.000192360427055
183,0.000190679200389
184,0.000189022862324
185,0.000187390920448
186,0.000185782894358
187,0.000184198315314
188,0.000182636725905
189,0.000181097679727
190,0.00017958074107
191,0.000178085484615
192,0.000176611495145
193,0.000175158367258
194,0.000173725705093
195,0.000172313122069
196,0.000170920240626
197,0.000169546691974
198,0.000168192115856
199,0.000166856160315
200,0.000165538481463
201,0.00016423874327
202,0.000162956617346
203,0.000161691782736
204,0.000160443925726
205,0.000159212739644
206,0.000157997924677
207,0.000156799187686
208,0.000155616242036
209,0.000154448807417
210,0.000153296609689
211,0.000152159380711
212,0.000151036858194
213,0.000149928785543
214,0.000148834911717
215,0.000147754991083
216,0.000146688783276
217,0.000145636053071
218,0.000144596570249
219,0.000143570109468
220,0.000142556450149
221,0.000141555376348
222,0.000140566676645
223,0.000139590144031
224,0.000138625575797
225,0.000137672773434
226,0.000136731542519
227,0.000135801692627
228,0.000134883037225
229,0.000133975393582
230,0.000133078582675
231,0.000132192429101
232,0.000131316760989
233,0.000130451409915
234,0.000129596210821
235,0.000128751001938
236,0.0001279156247
237,0.000127089923678
238,0.000126273746499
239,0.000125466943779
240,0.00012466936905
241,0.000123880878697
242,0.000123101331887
243,0.000122330590507
244,0.0001215685191
245,0.000120814984809
246,0.000120069857312
247,0.000119333008766
248,0.000118604313753
249,0.000117883649223
250,0.000117170894442
251,0.000116465930939
252,0.000115768642456
253,0.000115078914899
254,0.000114396636291
255,0.000113721696722
256,0.000113053988306
257,0.000112393405138
258,0.000111739843246
259,0.000111093200554
260,0.000110453376837
261,0.000109820273684
262,0.000109193794454
263,0.000108573844245
264,0.000107960329851
265,0.000107353159729
266,0.000106752243961
267,0.000106157494221
268,0.000105568823743
269,0.000104986147284
270,0.000104409381097
271,0.000103838442896
272,0.000103273251826
273,0.000102713728435
274,0.000102159794643
275,0.000101611373715
276,0.000101068390234
277,0.000100530770072
278,9.99984403627e-05

reduced sample and feature space,prediction,truth,correct
Bellevuecity,1.0,1,True
Greenvillecity,0.0,0,True
NewBrunswickcity,0.0,0,True
Wilmingtoncity,0.0,0,True
Patersoncity,0.0,0,True
OklahomaCitycity,0.0,0,True
EastHartfordtown,1.0,1,True
BossierCitycity,1.0,1,True
EastBrunswicktownship,1.0,1,True
Newarkcity,0.0,0,True
Naplescity,1.0,1,True
Racinecity,1.0,1,True
Orlandocity,0.0,0,True
Charlestoncity,0.0,0,True
Lawrencecity,0.0,0,True
Lindencity,1.0,1,True
Tempecity,1.0,1,True
Louisvillecity,0.0,1,False
Pomonacity,0.0,0,True
SantaBarbaracity,1.0,1,True
Charlestoncity,1.0,0,False
FortWaynecity,1.0,1,True
SanDiegocity,0.0,0,True
LittleRockcity,1.0,0,False
Poughkeepsiecity,0.0,0,True
Indianapoliscity,0.0,0,True
SanFranciscocity,0.0,0,True
Hamdentown,1.0,1,True
Waterburytown,1.0,1,True
Walthamcity,1.0,1,True
Ontariocity,1.0,0,False
Accuracy,27,31,0.870967741935

